0.1 Xe/vac
15 Ang
1
1
0
4
2
5
8
8
13
7
9
9
8
21
19
17
27
27
33
28
32
36
28
36
28
33
29
31
28
46

25 Ang
0
1
1
1
0
8
6
13
7
12
26
19
22
22
26
30
35
29
38
30
47
42
42
38
37
42
40
49
67
42

35 Ang
0
1
1
1
1
10
4
7
12
11
32
27
16
35
17
38
40
32
31
30
70
30
53
40
37
61
56
41
43
52

0.2 Xe/vac
15 Ang
0
0
1
0
1
6
9
10
4
8
24
20
25
16
10
33
44
23
39
22
36
64
38
46
74
57
48
43
81
43

25 Ang
1
4
0
3
0
9
9
5
3
10
19
32
15
16
15
32
29
61
42
46
41
32
57
37
44
47
40
45
84
66

35 Ang
0
2
1
1
0
5
15
16
8
14
13
26
16
29
17
27
22
31
26
41
44
34
46
24
41
53
48
50
46
72

0.3 Xe/vac
15 Ang
0
0
0
0
0
5
1
4
9
4
21
13
18
16
6
30
43
17
52
15
32
52
29
36
39
63
35
49
44
50

25 Ang
0
0
0
0
0
17
10
6
5
8
20
23
14
14
12
25
19
44
17
18
31
36
39
52
61
56
55
72
69
33

35 Ang
0
0
1
2
2
10
10
7
7
17
10
7
20
16
27
16
27
34
20
46
25
37
33
33
36
28
53
40
38
44

0.5 Xe/vac
15 Ang
0
0
0
1
0
8
4
4
3
8
27
10
12
33
23
44
23
24
29
38
43
59
36
35
50
57
78
60
53
50

25 Ang
0
0
0
0
0
5
7
4
3
3
15
23
13
20
14
22
26
22
31
25
48
58
32
27
42
47
34
41
63
47

35 Ang
0
0
2
1
0
3
4
5
10
4
18
10
14
8
9
15
15
17
20
16
25
21
23
16
24
35
31
36
37
31
