1.1 0.1434
1.2 0.1434
1.3 0.1492
1.4 0.1549
1.5 0.1603
1.6 0.1656
1.7 0.1706
1.8 0.1756
2.0 0.1851
2.25 0.1963
2.49999 0.2069
2.74999 0.217
2.99999 0.2267
3.24999 0.2359
3.49999 0.2449
3.74999 0.2534
3.99999 0.2618
4.49999 0.2776
4.99999 0.2927
5.49999 0.3069
5.99999 0.3206
6.49999 0.3337
6.99999 0.3463
7.99999 0.3702
8.99999 0.3926
9.99999 0.4139
10.9999 0.4341
11.9999 0.4534
12.9999 0.4719
13.9999 0.4897
14.9999 0.5069
15.9999 0.5235
16.9999 0.5396
17.9999 0.5553
19.9999 0.5853
22.4999 0.6208
24.9999 0.6544
27.4999 0.6863
29.9999 0.7169
32.4999 0.7461
34.9999 0.7743
37.4999 0.8015
39.9999 0.8278
44.9999 0.878
49.9999 0.9255
54.9999 0.9706
59.9999 1.014
64.9999 1.055
69.9999 1.095
79.9999 1.171
89.9999 1.242
99.9999 1.309
110.0 1.373
120.0 1.434
130.0 1.492
139.999 1.549
149.999 1.603
159.999 1.656
169.999 1.706
179.999 1.756
199.999 1.851
224.999 1.963
249.999 2.069
274.999 2.17
299.999 2.267
324.999 2.359
349.999 2.449
374.999 2.534
399.999 2.618
449.999 2.776
499.999 2.927
549.999 3.069
599.999 3.206
649.999 3.337
699.999 3.463
799.999 3.702
899.999 3.926
999.999 4.139
1100.0 4.341
1200.0 4.534
1300.0 4.719
1400.0 4.897
1500.0 5.069
1600.0 5.235
1700.0 5.396
1800.0 5.553
2000.0 5.853
2250.0 6.208
2500.0 6.544
2750.0 6.863
3000.0 7.169
3250.0 7.461
3500.0 7.743
3750.0 8.015
4000.0 8.278
4500.0 8.78
5000.0 9.255
5500.0 9.706
6000.0 10.14
6500.0 10.55
7000.0 10.95
8000.0 11.71
9000.0 12.42
10000.0 13.09
11000.0 13.73
12000.0 14.34
13000.0 14.92
14000.0 15.49
15000.0 16.03
16000.0 16.56
17000.0 17.06
18000.0 17.56
20000.0 18.51
22500.0 19.63
25000.0 20.69
27500.0 21.7
30000.0 22.67
32500.0 23.59
35000.0 24.49
37500.0 25.34
40000.0 26.18
45000.0 27.76
50000.0 29.27
55000.0 30.69
60000.0 32.06
65000.0 33.37
70000.0 34.63
80000.0 37.02
90000.0 39.26
100000.0 41.39
110000.0 43.41
120000.0 45.34
130000.0 47.19
140000.0 48.97
150000.0 50.69
160000.0 52.35
170000.0 53.96
180000.0 55.53
200000.0 58.53
225000.0 62.08
250000.0 65.44
275000.0 68.04
300000.0 70.07
325000.0 72.28
350000.0 74.56
375000.0 76.84
400000.0 79.1
450000.0 83.5
500000.0 87.7
550000.0 91.7
600000.0 95.55
650000.0 99.27
700000.0 102.9
800000.0 110.0
900000.0 116.9
1000000.0 123.8
1100000.0 130.7
1200000.0 137.6
1300000.0 144.5
1400000.0 151.4
1500000.0 158.3
1600000.0 165.1
1700000.0 172.0
1800000.0 178.8
2000000.0 192.4
2250000.0 209.1
2500000.0 225.5
2750000.0 241.6
3000000.0 257.4
3250000.0 272.9
3500000.0 288.1
3750000.0 303.1
4000000.0 317.8
4500000.0 346.6
5000000.0 374.8
5500000.0 402.5
6000000.0 429.9
6500000.0 457.1
7000000.0 484.2
8000000.0 538.4
9000000.0 592.9
10000000.0 647.9
11000000.0 703.5
12000000.0 759.6
13000000.0 816.1
14000000.0 872.8
15000000.0 929.7
16000000.0 986.5
17000000.0 1043.0
18000000.0 1099.0
20000000.0 1209.0
22500000.0 1343.0
25000000.0 1470.0
27500000.0 1590.0
30000000.0 1703.0
32500000.0 1809.0
35000000.0 1908.0
37500000.0 2001.0
40000000.0 2089.0
45000000.0 2249.0
50000000.0 2392.0
55000000.0 2535.0
60000000.0 2678.0
65000000.0 2821.0
70000000.0 2964.0
72000000.0 3021.0
